GO:0009059
    hsa-miR-20a    33    32     1     0.1
           CTCF    34     4    30     0.1
           EBF1    27    11    16   0.091
        SMARCA4    19     2    17   0.089
         SREBF1     4     1     3   0.088
         ZNF263    12     2    10   0.085
     hsa-let-7b     2     1     1   0.084
          SIN3A    23     9    14   0.083
          CCNT2    20     7    13   0.079
           SPI1    40    26    14   0.078
            TBP    12     3     9   0.078
    hsa-miR-10a     3     2     1   0.076
          BRCA1    57    55     2   0.076
    hsa-miR-23b     2     1     1   0.074
           NFYA    11     5     6   0.074
   hsa-miR-130b    34    32     2   0.072
           NFYB    15     8     7   0.072
          PRDM1    13    10     3   0.072
         POU5F1     6     1     5   0.072
           SIX5    11     5     6   0.071
            SRF    21     9    12    0.07
           ESR1    19     9    10   0.069
            SP2    16    11     5   0.069
           ZEB1    11     9     2   0.068
            MAX    22     5    17   0.068
          STAT3    23    10    13   0.066
           MXI1    11     3     8   0.064
         ZNF143    10     9     1   0.064
           RDBP     5     3     2   0.063
          NR3C1    19     8    11   0.063
           ELF1     4     1     3   0.063
           E2F6    16     6    10   0.062
         POU2F2    41    30    11   0.061
          FOSL1    12     5     7   0.061
         BCLAF1    36    22    14    0.06
         SREBF2     6     5     1    0.06
           E2F4     7     3     4   0.059
           TAF7    14     1    13   0.058
           EGR1    35    19    16   0.058
           E2F1     7     2     5   0.057
          GATA2    44    14    30   0.057
           HEY1    17     5    12   0.056
           IRF1    12     6     6   0.056
           JUNB    25    22     3   0.055
           RXRA    17     7    10   0.055
           JUND    41    13    28   0.055
            JUN    24     3    21   0.054
           NRF1    16     4    12   0.054
          HNF4G    11     4     7   0.054
           CHD2    10     7     3   0.054
    hsa-miR-150     7     3     4   0.054
           TAL1    36    15    21   0.054
    hsa-miR-30a     6     3     3   0.054
           IRF3     6     2     4   0.053
            YY1    15     7     8   0.052
           BDP1     9     1     8   0.051
           USF1    12     2    10   0.051
         TFAP2C    14     8     6    0.05
           BCL3    33     5    28    0.05
           IRF4    20    16     4   0.048
         BCL11A    37    24    13   0.048
           HSF1     3     1     2   0.047
          STAT1    21     8    13   0.047
           SMC3    15     1    14   0.046
           TCF4    23    15     8   0.046
    hsa-miR-132     3     1     2   0.045
         TFAP2A    19    12     7   0.045
            FOS    25    10    15   0.045
          SUZ12    20     3    17   0.045
          RAD21    29     1    28   0.044
          TCF12    43    28    15   0.044
          CTCFL    35    27     8   0.044
          MEF2A    17     9     8   0.044
         WRNIP1     2     1     1   0.043
          GTF2B    13     1    12   0.043
    hsa-miR-18a    35    32     3   0.043
          CTBP2    17     9     8   0.043
           MAFF     3     1     2   0.043
         ZBTB33    12     3     9   0.043
        SMARCC1    12     8     4   0.042
          MEF2C    19    13     6   0.042
           MAFK    23     8    15   0.042
          NR2C2    15    12     3   0.041
          NFKB1    12     2    10   0.041
          STAT2     6     3     3   0.041
           NFE2    23    20     3    0.04
          HDAC2    12     5     7    0.04
       PPARGC1A    11     9     2   0.039
        SMARCC2     5     4     1   0.038
          FOSL2    19    12     7   0.038
          FOXA2    18    13     5   0.038
           BRF2    11     3     8   0.038
           PAX5    11     3     8   0.037
         ZBTB7A    13     3    10   0.037
        BHLHE40    26    24     2   0.036
            MYC    23     7    16   0.036
   hsa-miR-200c     2     1     1   0.036
         TRIM28     9     1     8   0.035
          GABPA    15     3    12   0.035
          SIRT6     9     2     7   0.034
         POLR3A     9     5     4   0.034
           BATF    19    11     8   0.034
           RFX5     8     2     6   0.034
           ATF3     5     4     1   0.034
           USF2    21     6    15   0.033
    hsa-miR-212     4     1     3   0.033
          HNF4A    20    12     8   0.033
          FOXA1    20    10    10   0.033
        SMARCB1    17     1    16   0.032
          CEBPB    21     7    14   0.032
    hsa-miR-10b     2     1     1   0.032
            SP1    50    29    21   0.031
          EP300    49     7    42   0.031
           ELK4     7     1     6   0.031
           PBX3    18     9     9   0.031
    hsa-miR-155    18    11     7   0.029
           ETS1    21    17     4   0.029
          GATA1    27    14    13   0.025
GO:0031323
         ZNF263    12     2    10    0.11
         BCL11A    37    24    13     0.1
    hsa-miR-132     3     1     2   0.096
         SREBF2     6     5     1   0.093
         POU2F2    41    30    11   0.085
           PAX5    11     3     8   0.081
        BHLHE40    26    24     2   0.079
           CTCF    34     4    30   0.079
          GABPA    15     3    12   0.079
          SIN3A    23     9    14   0.077
           MAFK    23     8    15   0.076
           NFYB    15     8     7   0.076
        SMARCA4    19     2    17   0.075
          GTF2B    13     1    12   0.072
           IRF4    20    16     4   0.072
    hsa-miR-212     4     1     3   0.071
           MXI1    11     3     8    0.07
            MAX    22     5    17   0.069
          NR3C1    19     8    11   0.067
           ETS1    21    17     4   0.067
           BCL3    33     5    28   0.064
          STAT3    23    10    13   0.064
           E2F6    16     6    10   0.064
          TCF12    43    28    15   0.063
          RAD21    29     1    28   0.063
           HEY1    17     5    12   0.063
         POU5F1     6     1     5   0.063
          GATA2    44    14    30   0.062
           RFX5     8     2     6   0.062
          CTBP2    17     9     8   0.061
           ELF1     4     1     3   0.061
           JUND    41    13    28    0.06
          NR2C2    15    12     3    0.06
            JUN    24     3    21    0.06
          NFKB1    12     2    10    0.06
           E2F1     7     2     5   0.059
          MEF2C    19    13     6   0.058
           HSF1     3     1     2   0.058
           RDBP     5     3     2   0.058
    hsa-miR-10a     3     2     1   0.058
            SP2    16    11     5   0.058
          STAT2     6     3     3   0.057
          STAT1    21     8    13   0.057
           CHD2    10     7     3   0.057
           EGR1    35    19    16   0.056
          FOSL1    12     5     7   0.055
   hsa-miR-200c     2     1     1   0.053
          CTCFL    35    27     8   0.053
         POLR3A     9     5     4   0.053
          HNF4G    11     4     7   0.052
           NRF1    16     4    12   0.051
    hsa-miR-20a    33    32     1   0.051
           JUNB    25    22     3   0.051
           SMC3    15     1    14   0.051
         ZBTB33    12     3     9    0.05
            TBP    12     3     9   0.049
         WRNIP1     2     1     1   0.048
        SMARCC2     5     4     1   0.048
        SMARCC1    12     8     4   0.047
         TFAP2C    14     8     6   0.047
            MYC    23     7    16   0.047
          BRCA1    57    55     2   0.047
           SIX5    11     5     6   0.047
           IRF1    12     6     6   0.046
           TAL1    36    15    21   0.046
          MEF2A    17     9     8   0.046
         SREBF1     4     1     3   0.045
            SRF    21     9    12   0.045
           USF1    12     2    10   0.045
           NFYA    11     5     6   0.045
            YY1    15     7     8   0.045
           TAF7    14     1    13   0.044
           EBF1    27    11    16   0.044
           BDP1     9     1     8   0.044
           BATF    19    11     8   0.044
           ESR1    19     9    10   0.043
     hsa-let-7b     2     1     1   0.043
            FOS    25    10    15   0.043
           IRF3     6     2     4   0.043
          PRDM1    13    10     3   0.042
          FOXA1    20    10    10   0.042
           SPI1    40    26    14   0.041
         TRIM28     9     1     8    0.04
           MAFF     3     1     2    0.04
          CCNT2    20     7    13   0.039
         BCLAF1    36    22    14   0.039
          FOSL2    19    12     7   0.038
           USF2    21     6    15   0.038
    hsa-miR-150     7     3     4   0.038
           ELK4     7     1     6   0.037
         TFAP2A    19    12     7   0.036
   hsa-miR-130b    34    32     2   0.036
    hsa-miR-30a     6     3     3   0.036
          CEBPB    21     7    14   0.036
          FOXA2    18    13     5   0.036
    hsa-miR-23b     2     1     1   0.036
           E2F4     7     3     4   0.036
         ZNF143    10     9     1   0.035
           NFE2    23    20     3   0.035
          SUZ12    20     3    17   0.035
    hsa-miR-18a    35    32     3   0.035
            SP1    50    29    21   0.034
          HNF4A    20    12     8   0.034
           RXRA    17     7    10   0.034
       PPARGC1A    11     9     2   0.033
        SMARCB1    17     1    16   0.033
           ZEB1    11     9     2   0.033
          SIRT6     9     2     7   0.033
    hsa-miR-10b     2     1     1   0.033
         ZBTB7A    13     3    10   0.033
           PBX3    18     9     9   0.033
           ATF3     5     4     1   0.032
           TCF4    23    15     8   0.032
          HDAC2    12     5     7    0.03
           BRF2    11     3     8   0.028
          GATA1    27    14    13   0.028
          EP300    49     7    42   0.027
    hsa-miR-155    18    11     7   0.027
GO:1902895
        SMARCA4    19     2    17   0.067
          STAT3    23    10    13   0.055
            JUN    24     3    21   0.051
            SRF    21     9    12   0.042
           SPI1    40    26    14   0.037
            FOS    25    10    15   0.036
GO:0044260
          STAT3    23    10    13    0.12
         POU2F2    41    30    11    0.11
            MYC    23     7    16    0.11
          SIN3A    23     9    14     0.1
            SRF    21     9    12     0.1
            SP2    16    11     5     0.1
           TAF7    14     1    13   0.098
          FOXA2    18    13     5   0.092
           IRF3     6     2     4   0.089
          NFKB1    12     2    10   0.088
           PAX5    11     3     8   0.088
           E2F1     7     2     5   0.086
           NFYB    15     8     7   0.082
           SIX5    11     5     6   0.078
           RXRA    17     7    10   0.077
          STAT2     6     3     3   0.075
           ESR1    19     9    10   0.075
            MAX    22     5    17   0.074
          HNF4G    11     4     7   0.073
           JUNB    25    22     3    0.07
         ZNF263    12     2    10    0.07
       PPARGC1A    11     9     2    0.07
    hsa-miR-132     3     1     2   0.067
           MAFK    23     8    15   0.067
    hsa-miR-150     7     3     4   0.066
           IRF1    12     6     6   0.066
    hsa-miR-20a    33    32     1   0.066
          GTF2B    13     1    12   0.065
          CTCFL    35    27     8   0.064
           JUND    41    13    28   0.064
            TBP    12     3     9   0.064
            YY1    15     7     8   0.063
           CTCF    34     4    30   0.063
           E2F6    16     6    10   0.063
          BRCA1    57    55     2   0.062
          GABPA    15     3    12   0.062
          SUZ12    20     3    17   0.061
            FOS    25    10    15    0.06
           EGR1    35    19    16   0.059
            JUN    24     3    21   0.059
         TFAP2C    14     8     6   0.058
         TRIM28     9     1     8   0.058
          FOSL1    12     5     7   0.058
          CTBP2    17     9     8   0.056
           BDP1     9     1     8   0.055
          MEF2C    19    13     6   0.055
         SREBF1     4     1     3   0.055
           MXI1    11     3     8   0.054
          FOXA1    20    10    10   0.053
          CCNT2    20     7    13   0.053
        BHLHE40    26    24     2   0.053
           SPI1    40    26    14   0.053
           NFYA    11     5     6   0.052
         ZNF143    10     9     1   0.051
   hsa-miR-200c     2     1     1   0.051
    hsa-miR-10a     3     2     1   0.051
           HEY1    17     5    12   0.051
    hsa-miR-212     4     1     3    0.05
           BCL3    33     5    28    0.05
         POU5F1     6     1     5    0.05
           IRF4    20    16     4    0.05
   hsa-miR-130b    34    32     2    0.05
          GATA1    27    14    13   0.049
          RAD21    29     1    28   0.049
        SMARCA4    19     2    17   0.049
          PRDM1    13    10     3   0.048
           RDBP     5     3     2   0.048
         SREBF2     6     5     1   0.047
           ELF1     4     1     3   0.046
           ETS1    21    17     4   0.044
    hsa-miR-30a     6     3     3   0.043
         POLR3A     9     5     4   0.043
         WRNIP1     2     1     1   0.043
           E2F4     7     3     4   0.043
        SMARCC2     5     4     1   0.042
           ZEB1    11     9     2   0.042
     hsa-let-7b     2     1     1   0.042
           RFX5     8     2     6   0.042
    hsa-miR-18a    35    32     3   0.041
           MAFF     3     1     2   0.041
           BRF2    11     3     8    0.04
           USF1    12     2    10   0.039
          FOSL2    19    12     7   0.038
         TFAP2A    19    12     7   0.037
         BCLAF1    36    22    14   0.036
    hsa-miR-23b     2     1     1   0.036
          NR2C2    15    12     3   0.036
          NR3C1    19     8    11   0.036
    hsa-miR-155    18    11     7   0.036
           SMC3    15     1    14   0.036
           EBF1    27    11    16   0.036
          STAT1    21     8    13   0.036
           CHD2    10     7     3   0.036
        SMARCC1    12     8     4   0.036
         BCL11A    37    24    13   0.035
           TAL1    36    15    21   0.035
          GATA2    44    14    30   0.034
           NRF1    16     4    12   0.034
           BATF    19    11     8   0.034
           ATF3     5     4     1   0.034
           NFE2    23    20     3   0.034
          MEF2A    17     9     8   0.033
    hsa-miR-10b     2     1     1   0.033
          TCF12    43    28    15   0.033
          CEBPB    21     7    14   0.033
           HSF1     3     1     2   0.033
          SIRT6     9     2     7   0.032
           TCF4    23    15     8   0.031
           ELK4     7     1     6   0.031
        SMARCB1    17     1    16   0.031
         ZBTB7A    13     3    10   0.031
            SP1    50    29    21   0.031
          EP300    49     7    42    0.03
           PBX3    18     9     9    0.03
          HNF4A    20    12     8    0.03
          HDAC2    12     5     7    0.03
           USF2    21     6    15   0.029
         ZBTB33    12     3     9   0.027
GO:0008152
          GATA1    27    14    13    0.14
         BCL11A    37    24    13     0.1
         SREBF2     6     5     1    0.09
    hsa-miR-132     3     1     2   0.086
    hsa-miR-10b     2     1     1    0.08
         POU2F2    41    30    11    0.08
           PBX3    18     9     9   0.078
        BHLHE40    26    24     2   0.077
           USF2    21     6    15   0.076
          NR3C1    19     8    11   0.075
           ETS1    21    17     4   0.074
          GABPA    15     3    12   0.071
        SMARCA4    19     2    17   0.071
          RAD21    29     1    28   0.069
          GTF2B    13     1    12   0.069
          SIN3A    23     9    14   0.066
          TCF12    43    28    15   0.066
           MXI1    11     3     8   0.064
           BCL3    33     5    28   0.062
          HDAC2    12     5     7   0.062
          STAT3    23    10    13   0.061
    hsa-miR-10a     3     2     1   0.061
         POU5F1     6     1     5   0.061
          CTBP2    17     9     8    0.06
         ZBTB33    12     3     9    0.06
           JUND    41    13    28    0.06
           RFX5     8     2     6    0.06
           E2F6    16     6    10   0.059
          GATA2    44    14    30   0.059
          STAT1    21     8    13   0.057
           HEY1    17     5    12   0.057
          NFKB1    12     2    10   0.056
           HSF1     3     1     2   0.056
          MEF2C    19    13     6   0.056
           ELK4     7     1     6   0.056
            JUN    24     3    21   0.056
           ELF1     4     1     3   0.055
          NR2C2    15    12     3   0.055
          HNF4A    20    12     8   0.055
          FOSL1    12     5     7   0.054
          SIRT6     9     2     7   0.054
           BRF2    11     3     8   0.054
            MAX    22     5    17   0.053
           CHD2    10     7     3   0.053
          STAT2     6     3     3   0.052
          HNF4G    11     4     7   0.052
          FOSL2    19    12     7   0.052
         POLR3A     9     5     4   0.052
   hsa-miR-200c     2     1     1   0.051
    hsa-miR-20a    33    32     1    0.05
          MEF2A    17     9     8   0.049
         ZBTB7A    13     3    10   0.049
            SP2    16    11     5   0.048
           SIX5    11     5     6   0.048
    hsa-miR-155    18    11     7   0.047
        SMARCC2     5     4     1   0.047
           JUNB    25    22     3   0.046
           NRF1    16     4    12   0.045
         WRNIP1     2     1     1   0.045
           ESR1    19     9    10   0.045
           IRF3     6     2     4   0.045
           IRF1    12     6     6   0.045
         SREBF1     4     1     3   0.044
          FOXA1    20    10    10   0.043
            SRF    21     9    12   0.043
           EGR1    35    19    16   0.043
            YY1    15     7     8   0.042
           BDP1     9     1     8   0.042
           USF1    12     2    10   0.042
    hsa-miR-30a     6     3     3   0.041
         TFAP2C    14     8     6   0.041
     hsa-let-7b     2     1     1    0.04
           BATF    19    11     8   0.039
            MYC    23     7    16   0.039
        SMARCC1    12     8     4   0.039
           RXRA    17     7    10   0.038
          CCNT2    20     7    13   0.038
           NFYA    11     5     6   0.037
    hsa-miR-150     7     3     4   0.037
           EBF1    27    11    16   0.036
           E2F1     7     2     5   0.036
           NFE2    23    20     3   0.035
         TFAP2A    19    12     7   0.035
   hsa-miR-130b    34    32     2   0.035
         BCLAF1    36    22    14   0.035
    hsa-miR-23b     2     1     1   0.035
           MAFF     3     1     2   0.034
    hsa-miR-18a    35    32     3   0.034
          FOXA2    18    13     5   0.034
           MAFK    23     8    15   0.034
            TBP    12     3     9   0.033
       PPARGC1A    11     9     2   0.033
          EP300    49     7    42   0.033
           E2F4     7     3     4   0.033
           ATF3     5     4     1   0.033
         ZNF263    12     2    10   0.032
           ZEB1    11     9     2   0.032
           TCF4    23    15     8   0.032
           TAL1    36    15    21   0.031
           TAF7    14     1    13   0.031
          CEBPB    21     7    14   0.031
         ZNF143    10     9     1    0.03
           SMC3    15     1    14    0.03
           NFYB    15     8     7    0.03
            SP1    50    29    21    0.03
    hsa-miR-212     4     1     3   0.028
GO:0051171
        SMARCC2     5     4     1    0.14
          FOXA2    18    13     5   0.096
          TCF12    43    28    15   0.095
            SRF    21     9    12   0.089
           BDP1     9     1     8   0.086
           TAL1    36    15    21   0.082
         TFAP2A    19    12     7   0.081
           E2F1     7     2     5   0.076
           USF1    12     2    10   0.076
          SUZ12    20     3    17   0.075
           NFYA    11     5     6   0.071
           ZEB1    11     9     2   0.071
         BCL11A    37    24    13   0.068
          MEF2C    19    13     6   0.068
           MAFK    23     8    15   0.065
           BRF2    11     3     8   0.065
            YY1    15     7     8   0.064
          PRDM1    13    10     3   0.061
           E2F6    16     6    10   0.059
           CHD2    10     7     3   0.059
        SMARCA4    19     2    17   0.059
         ZNF143    10     9     1   0.059
          NR3C1    19     8    11   0.054
            FOS    25    10    15   0.054
           USF2    21     6    15   0.054
         SREBF2     6     5     1   0.054
         WRNIP1     2     1     1   0.053
         BCLAF1    36    22    14   0.052
            TBP    12     3     9    0.05
            SP1    50    29    21    0.05
           TCF4    23    15     8    0.05
           NFYB    15     8     7    0.05
          NR2C2    15    12     3   0.049
           JUNB    25    22     3   0.049
          GABPA    15     3    12   0.048
         ZNF263    12     2    10   0.047
           JUND    41    13    28   0.047
           ELF1     4     1     3   0.046
          HNF4G    11     4     7   0.045
         ZBTB33    12     3     9   0.044
        BHLHE40    26    24     2   0.044
          FOXA1    20    10    10   0.044
          SIRT6     9     2     7   0.043
           ETS1    21    17     4   0.043
           ELK4     7     1     6   0.043
           IRF3     6     2     4   0.043
            MAX    22     5    17   0.042
          CTBP2    17     9     8   0.042
         ZBTB7A    13     3    10   0.041
           PBX3    18     9     9    0.04
          MEF2A    17     9     8    0.04
           E2F4     7     3     4    0.04
           NFE2    23    20     3    0.04
          GTF2B    13     1    12   0.038
          FOSL1    12     5     7   0.038
          STAT1    21     8    13   0.036
           MXI1    11     3     8   0.036
          HNF4A    20    12     8   0.036
         POU2F2    41    30    11   0.036
         TFAP2C    14     8     6   0.035
           RFX5     8     2     6   0.035
           EBF1    27    11    16   0.034
           HEY1    17     5    12   0.034
           BATF    19    11     8   0.033
          FOSL2    19    12     7   0.033
           MAFF     3     1     2   0.033
           SIX5    11     5     6   0.033
         TRIM28     9     1     8   0.031
          RAD21    29     1    28   0.031
           SMC3    15     1    14    0.03
           NRF1    16     4    12    0.03
            SP2    16    11     5   0.028
GO:0043923
        SMARCB1    17     1    16   0.069
          EP300    49     7    42   0.043
            SP1    50    29    21   0.039
            JUN    24     3    21   0.033
        SMARCA4    19     2    17   0.029
GO:0080090
            SRF    21     9    12     0.1
          GABPA    15     3    12   0.093
            YY1    15     7     8   0.087
           HEY1    17     5    12   0.082
         TRIM28     9     1     8   0.081
         WRNIP1     2     1     1   0.076
          SIRT6     9     2     7   0.075
           ELF1     4     1     3   0.075
           TAL1    36    15    21   0.073
           NFYA    11     5     6   0.071
           MAFK    23     8    15    0.07
          MEF2C    19    13     6   0.066
          HNF4A    20    12     8   0.065
            TBP    12     3     9   0.064
        SMARCC2     5     4     1   0.064
         TFAP2C    14     8     6   0.064
           SIX5    11     5     6   0.063
           NFYB    15     8     7   0.061
           RFX5     8     2     6   0.061
        SMARCA4    19     2    17   0.059
           USF2    21     6    15   0.058
          HNF4G    11     4     7   0.058
          NR3C1    19     8    11   0.058
           ETS1    21    17     4   0.057
           E2F1     7     2     5   0.055
         BCLAF1    36    22    14   0.054
          MEF2A    17     9     8   0.054
           JUND    41    13    28   0.053
            SP1    50    29    21   0.053
            FOS    25    10    15   0.053
          PRDM1    13    10     3   0.053
           JUNB    25    22     3   0.052
          FOXA2    18    13     5   0.051
           NFE2    23    20     3   0.051
           MAFF     3     1     2   0.051
         ZBTB7A    13     3    10    0.05
           ELK4     7     1     6    0.05
           USF1    12     2    10   0.049
           E2F6    16     6    10   0.045
           BRF2    11     3     8   0.045
         ZNF143    10     9     1   0.044
          TCF12    43    28    15   0.044
